75
1	 23	 2297	 2371	 20	 27
2	 77	 4000	 4084	 34	 79
3	 11	 3419	 3441	 10	 39
4	 73	 3368	 3382	 7	 71
5	 72	 4357	 4361	 18	 20
6	 33	 2437	 2465	 37	 38
7	 99	 2540	 2624	 14	 32
8	 65	 3226	 3230	 36	 56
9	 38	 1862	 1922	 61	 72
10	 92	 2110	 2118	 9	 58
11	 9	 2807	 2817	 91	 97
12	 45	 2753	 2835	 5	 21
13	 47	 4298	 4382	 18	 83
14	 55	 2887	 2947	 46	 82
15	 81	 3913	 3927	 3	 26
16	 35	 3603	 3683	 38	 61
17	 100	 4194	 4198	 11	 88
18	 4	 2231	 2241	 3	 69
19	 24	 3335	 3385	 27	 42
20	 18	 2875	 2907	 25	 82
21	 53	 2490	 2502	 25	 27
22	 62	 1767	 1793	 11	 89
23	 76	 2861	 2925	 1	 92
24	 25	 1727	 1809	 15	 35
25	 71	 4340	 4424	 21	 31
26	 54	 2858	 2890	 6	 39
27	 72	 2482	 2496	 95	 99
28	 1	 2726	 2790	 27	 39
29	 77	 2727	 2793	 17	 36
30	 1	 2276	 2292	 25	 48
31	 69	 1684	 1740	 32	 53
32	 13	 1735	 1751	 9	 63
33	 88	 4151	 4155	 22	 30
34	 21	 3215	 3255	 39	 69
35	 83	 3763	 3779	 18	 23
36	 84	 2515	 2563	 9	 53
37	 41	 3160	 3202	 30	 45
38	 85	 2320	 2378	 17	 24
39	 48	 2573	 2663	 23	 28
40	 42	 3877	 3919	 40	 86
41	 51	 3522	 3596	 76	 81
42	 21	 3902	 3926	 54	 70
43	 10	 4217	 4233	 2	 27
44	 88	 2267	 2295	 52	 82
45	 19	 3644	 3650	 33	 62
46	 11	 1806	 1874	 16	 55
47	 24	 4316	 4344	 17	 46
48	 9	 4358	 4378	 27	 40
49	 62	 2830	 2892	 41	 82
50	 32	 3797	 3805	 15	 56
51	 71	 4284	 4288	 5	 91
52	 70	 2579	 2609	 28	 31
53	 29	 2331	 2335	 21	 74
54	 53	 2622	 2644	 34	 82
55	 47	 4323	 4403	 68	 75
56	 33	 3074	 3134	 22	 93
57	 40	 2858	 2912	 16	 66
58	 33	 1897	 1981	 19	 73
59	 19	 2303	 2305	 37	 38
60	 93	 3023	 3069	 45	 93
61	 58	 3678	 3744	 23	 33
62	 7	 2184	 2196	 34	 47
63	 4	 3853	 3887	 24	 63
64	 23	 2256	 2292	 5	 66
65	 19	 3859	 3915	 35	 66
66	 61	 3260	 3316	 71	 76
67	 91	 3446	 3486	 68	 95
68	 73	 3700	 3774	 43	 61
69	 37	 3857	 3939	 26	 56
70	 27	 2943	 2957	 27	 36
71	 1	 3503	 3533	 57	 97
72	 35	 3626	 3646	 7	 85
73	 27	 4212	 4278	 25	 91
74	 4	 3107	 3197	 14	 42
75	 30	 3436	 3516	 40	 60
0	12	31	4	32	23	36	15	18	11	11	21	45	42	31	46	14	0	5	24	12	21	47	18	49	29	20	1	24	45	7	17	49	43	35	5	40	44	32	15	0	42	42	46	1	39	11	40	27	45	28	3	26	23	15	21	43	8	8	0	1	25	13	42	42	43	25	37	5	11	21	38	34	3	34
12	0	5	38	33	22	4	31	38	47	8	6	31	27	46	25	7	1	12	5	18	4	41	7	10	49	3	45	13	32	42	20	7	34	2	35	41	25	31	12	45	38	2	5	46	45	0	49	36	43	22	10	23	11	26	33	43	1	13	6	7	32	25	46	43	22	34	29	14	17	33	40	38	32	44
31	5	0	23	23	34	30	18	21	0	22	18	25	25	13	24	2	3	1	17	5	24	43	41	7	1	9	19	18	25	10	42	33	6	6	9	29	39	14	36	44	24	5	3	36	7	39	42	14	6	12	31	16	14	43	37	6	43	18	16	7	34	9	1	11	4	1	13	8	33	22	43	21	41	45
4	38	23	0	9	30	12	32	25	31	39	36	21	17	35	19	27	33	22	41	0	15	20	25	17	12	48	41	0	41	27	28	35	22	47	33	15	29	41	13	16	2	1	46	30	48	21	17	2	12	42	41	9	25	36	46	8	8	17	0	34	22	38	6	29	4	42	25	40	40	5	39	25	24	6
32	33	23	9	0	11	7	22	44	25	37	15	3	4	3	42	23	12	27	18	3	2	37	17	29	42	18	21	0	9	8	44	37	1	22	17	4	0	24	49	11	31	36	45	1	43	31	23	28	16	46	41	32	15	41	36	17	10	12	30	40	30	35	20	36	40	4	16	27	17	40	12	16	21	49
23	22	34	30	11	0	26	38	48	20	22	15	43	16	42	24	8	1	16	6	13	46	5	23	23	33	43	27	48	41	49	29	16	32	29	47	13	19	1	18	31	48	3	9	16	40	2	33	22	5	30	26	10	0	36	5	5	6	3	14	1	46	21	38	31	13	17	17	8	9	1	10	11	17	19
36	4	30	12	7	26	0	13	42	45	48	21	41	7	43	26	19	47	49	43	17	13	20	14	17	32	20	0	6	43	5	31	12	31	5	12	8	18	7	35	0	1	37	7	36	25	41	9	31	49	30	48	19	30	38	34	0	6	36	43	22	31	7	23	35	21	47	36	49	33	36	32	11	49	42
15	31	18	32	22	38	13	0	33	4	12	29	22	44	36	31	6	20	9	13	12	22	3	17	4	42	14	7	14	33	8	14	12	3	4	31	7	26	4	4	24	7	27	21	14	34	40	46	19	21	5	25	26	2	1	20	6	44	9	5	6	39	1	6	10	37	9	6	25	22	26	13	13	0	13
18	38	21	25	44	48	42	33	0	17	8	17	10	34	44	46	8	3	9	36	0	5	6	5	24	28	22	43	21	24	33	24	6	9	25	49	32	2	33	43	42	7	40	12	22	36	23	5	39	44	20	18	44	6	12	29	3	39	34	1	44	4	33	4	0	29	15	22	48	12	29	36	46	6	36
11	47	0	31	25	20	45	4	17	0	0	22	8	8	7	47	25	12	39	12	11	6	14	6	32	17	49	48	45	24	45	0	43	40	32	8	18	25	31	47	36	35	42	27	2	19	22	4	40	48	5	5	16	21	0	15	18	37	14	25	34	7	13	38	30	16	28	39	10	19	25	18	11	9	34
11	8	22	39	37	22	48	12	8	0	0	42	49	9	24	23	18	44	19	18	3	44	45	27	47	30	47	32	23	43	33	5	4	35	45	15	27	42	40	39	1	13	0	5	6	31	41	47	19	32	25	7	26	42	0	25	17	13	38	16	19	42	17	0	7	22	43	46	17	18	32	2	39	38	31
21	6	18	36	15	15	21	29	17	22	42	0	32	11	39	3	10	30	47	30	8	45	21	9	29	11	2	11	31	33	47	33	32	24	21	11	14	12	32	13	7	30	11	37	41	1	36	39	14	9	0	29	30	8	14	19	46	27	46	20	26	33	35	41	27	39	0	10	26	11	38	47	10	13	20
45	31	25	21	3	43	41	22	10	8	49	32	0	41	28	11	32	25	26	47	6	16	3	36	13	35	26	46	45	41	8	32	3	48	16	42	46	9	41	25	0	16	17	10	3	7	21	32	21	30	42	19	46	33	46	7	13	33	27	40	25	20	13	36	4	9	4	11	0	17	6	25	36	42	26
42	27	25	17	4	16	7	44	34	8	9	11	41	0	12	23	7	46	6	13	38	15	18	23	17	2	11	8	48	22	1	2	24	36	1	13	22	19	18	19	14	2	10	28	3	24	39	45	32	4	7	28	13	3	36	32	12	27	17	33	36	8	0	22	9	2	24	16	42	20	5	1	33	22	2
31	46	13	35	3	42	43	36	44	7	24	39	28	12	0	15	13	2	35	36	9	20	33	40	28	35	18	8	0	35	12	13	18	9	7	2	48	7	6	30	21	34	9	47	41	8	32	41	34	40	0	10	35	13	32	38	15	35	2	47	13	29	40	25	29	26	12	26	6	1	41	23	2	23	12
46	25	24	19	42	24	26	31	46	47	23	3	11	23	15	0	16	17	9	8	4	0	26	4	26	31	1	49	48	13	24	3	21	6	41	20	43	0	43	45	32	33	4	34	25	36	17	19	24	19	7	26	46	8	12	30	46	35	12	47	0	19	31	47	16	22	6	37	13	2	24	3	9	34	43
14	7	2	27	23	8	19	6	8	25	18	10	32	7	13	16	0	15	21	8	30	38	2	31	12	7	24	8	26	3	38	31	15	5	49	1	17	10	49	21	17	19	7	13	14	21	14	39	1	1	41	0	29	12	23	46	47	10	2	44	3	27	15	28	29	2	19	6	7	20	25	15	10	42	31
0	1	3	33	12	1	47	20	3	12	44	30	25	46	2	17	15	0	3	16	8	2	37	1	0	17	35	0	14	47	47	21	3	6	35	36	42	18	43	5	21	20	26	18	5	21	24	4	34	28	38	41	36	17	20	1	1	22	8	40	21	48	34	47	42	13	25	44	11	24	33	36	2	46	9
5	12	1	22	27	16	49	9	9	39	19	47	26	6	35	9	21	3	0	33	49	42	6	40	24	4	0	7	44	35	34	18	0	25	43	28	34	48	6	35	8	1	9	13	38	19	44	25	28	5	26	15	43	18	47	22	13	13	15	23	19	31	21	23	45	29	14	25	46	16	17	12	34	16	2
24	5	17	41	18	6	43	13	36	12	18	30	47	13	36	8	8	16	33	0	35	19	34	20	13	28	29	10	0	6	1	14	41	22	6	47	39	2	32	46	7	6	43	0	2	27	48	25	25	19	25	2	24	2	10	17	33	15	0	16	40	38	3	45	11	47	16	30	10	16	25	39	27	49	8
12	18	5	0	3	13	17	12	0	11	3	8	6	38	9	4	30	8	49	35	0	34	18	6	25	3	35	14	28	42	21	20	18	40	20	3	20	2	23	19	18	9	41	18	1	39	48	31	39	23	13	45	39	18	11	21	22	32	6	25	32	2	15	46	24	49	6	14	49	30	32	11	16	13	7
21	4	24	15	2	46	13	22	5	6	44	45	16	15	20	0	38	2	42	19	34	0	17	27	23	35	8	34	15	42	2	29	15	16	14	3	4	17	25	27	41	3	8	38	26	33	38	32	26	47	34	5	23	0	5	12	16	33	33	38	1	40	16	40	9	49	3	22	22	47	38	5	8	24	12
47	41	43	20	37	5	20	3	6	14	45	21	3	18	33	26	2	37	6	34	18	17	0	47	15	41	22	35	33	7	37	15	43	10	12	21	10	13	41	20	23	46	25	36	10	15	9	35	16	8	42	47	0	40	14	46	10	34	40	39	15	3	41	24	40	36	39	39	14	21	9	27	14	4	32
18	7	41	25	17	23	14	17	5	6	27	9	36	23	40	4	31	1	40	20	6	27	47	0	44	32	7	7	2	8	18	14	10	12	16	9	37	15	6	49	35	46	18	37	49	24	6	42	49	1	32	34	49	47	48	11	33	46	10	11	6	36	10	13	49	39	25	30	15	44	32	19	3	33	0
49	10	7	17	29	23	17	4	24	32	47	29	13	17	28	26	12	0	24	13	25	23	15	44	0	26	47	11	32	26	30	5	13	10	44	20	1	6	9	31	29	11	10	1	34	3	2	8	5	26	45	0	5	4	7	36	32	33	11	38	12	11	13	7	44	37	28	19	10	0	24	6	5	44	38
29	49	1	12	42	33	32	42	28	17	30	11	35	2	35	31	7	17	4	28	3	35	41	32	26	0	29	14	32	18	17	22	2	8	24	19	5	0	31	29	11	31	42	3	38	17	2	27	24	28	11	7	4	32	22	25	22	14	8	24	0	18	7	9	44	18	40	40	9	7	31	8	8	8	31
20	3	9	48	18	43	20	14	22	49	47	2	26	11	18	1	24	35	0	29	35	8	22	7	47	29	0	5	2	23	28	12	35	3	13	40	32	8	19	46	47	39	8	9	28	32	23	13	36	29	11	41	1	43	11	1	26	16	1	42	6	11	30	9	30	23	7	41	28	13	47	27	28	37	45
1	45	19	41	21	27	0	7	43	48	32	11	46	8	8	49	8	0	7	10	14	34	35	7	11	14	5	0	38	8	45	23	22	29	19	5	1	37	12	22	46	1	21	10	30	10	40	12	1	28	31	48	46	26	34	2	8	45	49	9	3	10	3	22	12	20	49	31	0	44	5	33	47	4	5
24	13	18	0	0	48	6	14	21	45	23	31	45	48	0	48	26	14	44	0	28	15	33	2	32	32	2	38	0	33	0	26	33	7	6	15	40	1	29	3	45	26	41	41	12	35	25	27	4	22	9	28	49	34	9	42	17	43	37	20	40	14	31	4	7	29	34	42	33	27	10	1	19	8	8
45	32	25	41	9	41	43	33	24	24	43	33	41	22	35	13	3	47	35	6	42	42	7	8	26	18	23	8	33	0	33	49	22	14	8	0	47	45	10	48	42	16	41	32	8	16	14	27	30	3	47	17	8	16	44	23	16	6	6	3	32	42	7	5	8	17	27	1	45	2	21	28	12	4	0
7	42	10	27	8	49	5	8	33	45	33	47	8	1	12	24	38	47	34	1	21	2	37	18	30	17	28	45	0	33	0	17	16	43	31	10	16	13	4	40	34	12	25	18	43	41	1	25	36	21	0	36	10	13	6	37	15	38	45	5	11	44	36	15	2	10	14	36	40	13	10	6	31	34	2
17	20	42	28	44	29	31	14	24	0	5	33	32	2	13	3	31	21	18	14	20	29	15	14	5	22	12	23	26	49	17	0	46	43	28	11	22	12	43	5	43	30	10	17	13	48	0	30	36	3	42	39	15	48	9	15	9	25	8	8	7	47	42	2	6	30	23	23	45	7	31	6	11	30	47
49	7	33	35	37	16	12	12	6	43	4	32	3	24	18	21	15	3	0	41	18	15	43	10	13	2	35	22	33	22	16	46	0	29	2	16	26	16	37	3	24	27	49	9	47	42	5	33	10	14	30	25	34	6	8	11	26	5	38	11	25	7	1	6	40	1	44	29	48	5	8	20	9	40	35
43	34	6	22	1	32	31	3	9	40	35	24	48	36	9	6	5	6	25	22	40	16	10	12	10	8	3	29	7	14	43	43	29	0	45	20	32	46	22	46	38	12	5	35	41	16	7	18	34	21	49	9	22	22	29	37	44	21	34	3	5	8	18	31	8	11	36	21	35	5	47	19	2	47	0
35	2	6	47	22	29	5	4	25	32	45	21	16	1	7	41	49	35	43	6	20	14	12	16	44	24	13	19	6	8	31	28	2	45	0	42	44	48	39	0	12	16	24	47	35	33	8	4	29	5	49	12	22	18	13	40	48	37	19	43	33	2	3	19	3	4	5	43	40	4	5	15	2	27	21
5	35	9	33	17	47	12	31	49	8	15	11	42	13	2	20	1	36	28	47	3	3	21	9	20	19	40	5	15	0	10	11	16	20	42	0	45	20	3	26	9	2	32	2	29	30	4	22	11	42	47	5	10	28	42	19	18	41	11	8	31	3	34	4	42	31	7	10	43	14	27	36	47	45	17
40	41	29	15	4	13	8	7	32	18	27	14	46	22	48	43	17	42	34	39	20	4	10	37	1	5	32	1	40	47	16	22	26	32	44	45	0	36	19	6	30	39	34	47	9	10	47	7	6	34	48	12	2	42	10	12	9	3	26	33	6	15	8	47	32	41	6	22	21	43	28	0	22	35	23
44	25	39	29	0	19	18	26	2	25	42	12	9	19	7	0	10	18	48	2	2	17	13	15	6	0	8	37	1	45	13	12	16	46	48	20	36	0	0	33	42	34	33	22	49	45	12	38	27	16	32	1	31	31	20	45	42	9	29	16	32	33	44	49	42	46	27	19	31	36	45	45	44	8	39
32	31	14	41	24	1	7	4	33	31	40	32	41	18	6	43	49	43	6	32	23	25	41	6	9	31	19	12	29	10	4	43	37	22	39	3	19	0	0	20	35	13	48	6	8	46	30	43	6	2	32	12	8	13	19	6	0	2	28	29	12	45	44	23	30	8	27	11	49	31	41	8	33	36	0
15	12	36	13	49	18	35	4	43	47	39	13	25	19	30	45	21	5	35	46	19	27	20	49	31	29	46	22	3	48	40	5	3	46	0	26	6	33	20	0	29	35	14	33	0	8	18	9	7	49	18	34	31	3	49	14	7	35	13	13	39	34	43	13	14	20	24	46	26	18	49	34	16	8	41
0	45	44	16	11	31	0	24	42	36	1	7	0	14	21	32	17	21	8	7	18	41	23	35	29	11	47	46	45	42	34	43	24	38	12	9	30	42	35	29	0	23	11	24	38	1	46	16	32	38	44	25	4	7	13	46	14	27	44	28	16	20	0	47	41	17	21	23	29	23	15	49	34	2	21
42	38	24	2	31	48	1	7	7	35	13	30	16	2	34	33	19	20	1	6	9	3	46	46	11	31	39	1	26	16	12	30	27	12	16	2	39	34	13	35	23	0	21	16	10	10	30	14	19	1	20	41	13	12	15	13	20	33	19	27	0	8	49	46	42	1	49	47	20	47	18	25	0	20	5
42	2	5	1	36	3	37	27	40	42	0	11	17	10	9	4	7	26	9	43	41	8	25	18	10	42	8	21	41	41	25	10	49	5	24	32	34	33	48	14	11	21	0	35	0	34	44	9	19	45	23	45	23	6	21	7	4	18	15	20	10	30	32	37	8	41	28	34	14	37	34	38	7	41	42
46	5	3	46	45	9	7	21	12	27	5	37	10	28	47	34	13	18	13	0	18	38	36	37	1	3	9	10	41	32	18	17	9	35	47	2	47	22	6	33	24	16	35	0	44	31	1	20	32	28	37	43	6	33	44	13	2	34	41	18	8	19	2	39	29	15	37	19	27	8	33	26	12	28	38
1	46	36	30	1	16	36	14	22	2	6	41	3	3	41	25	14	5	38	2	1	26	10	49	34	38	28	30	12	8	43	13	47	41	35	29	9	49	8	0	38	10	0	44	0	32	1	31	29	9	3	1	14	12	26	37	8	3	14	28	34	15	8	46	30	38	45	37	32	17	1	34	47	25	13
39	45	7	48	43	40	25	34	36	19	31	1	7	24	8	36	21	21	19	27	39	33	15	24	3	17	32	10	35	16	41	48	42	16	33	30	10	45	46	8	1	10	34	31	32	0	11	40	42	5	12	44	7	48	36	35	42	44	28	35	15	11	7	40	31	34	22	39	23	39	30	40	8	43	49
11	0	39	21	31	2	41	40	23	22	41	36	21	39	32	17	14	24	44	48	48	38	9	6	2	2	23	40	25	14	1	0	5	7	8	4	47	12	30	18	46	30	44	1	1	11	0	38	40	37	0	42	29	49	35	18	39	21	9	12	39	3	10	45	30	25	38	5	45	5	9	4	9	42	1
40	49	42	17	23	33	9	46	5	4	47	39	32	45	41	19	39	4	25	25	31	32	35	42	8	27	13	12	27	27	25	30	33	18	4	22	7	38	43	9	16	14	9	20	31	40	38	0	16	0	14	33	47	38	5	7	6	37	2	8	35	16	9	19	6	9	41	27	48	37	11	1	31	19	32
27	36	14	2	28	22	31	19	39	40	19	14	21	32	34	24	1	34	28	25	39	26	16	49	5	24	36	1	4	30	36	36	10	34	29	11	6	27	6	7	32	19	19	32	29	42	40	16	0	12	45	3	29	24	19	33	1	11	3	24	30	4	14	7	49	25	21	43	34	40	7	8	20	40	6
45	43	6	12	16	5	49	21	44	48	32	9	30	4	40	19	1	28	5	19	23	47	8	1	26	28	29	28	22	3	21	3	14	21	5	42	34	16	2	49	38	1	45	28	9	5	37	0	12	0	5	39	32	18	19	15	10	11	35	11	9	46	16	46	13	34	42	31	0	47	32	33	28	7	2
28	22	12	42	46	30	30	5	20	5	25	0	42	7	0	7	41	38	26	25	13	34	42	32	45	11	11	31	9	47	0	42	30	49	49	47	48	32	32	18	44	20	23	37	3	12	0	14	45	5	0	24	49	43	20	40	4	45	26	13	42	6	16	40	35	17	11	12	45	4	28	46	46	19	26
3	10	31	41	41	26	48	25	18	5	7	29	19	28	10	26	0	41	15	2	45	5	47	34	0	7	41	48	28	17	36	39	25	9	12	5	12	1	12	34	25	41	45	43	1	44	42	33	3	39	24	0	0	17	2	17	46	26	39	31	2	19	19	4	48	12	23	45	2	36	41	22	23	7	48
26	23	16	9	32	10	19	26	44	16	26	30	46	13	35	46	29	36	43	24	39	23	0	49	5	4	1	46	49	8	10	15	34	22	22	10	2	31	8	31	4	13	23	6	14	7	29	47	29	32	49	0	0	33	37	44	6	10	18	18	40	21	4	35	4	15	7	2	1	19	30	0	33	18	36
23	11	14	25	15	0	30	2	6	21	42	8	33	3	13	8	12	17	18	2	18	0	40	47	4	32	43	26	34	16	13	48	6	22	18	28	42	31	13	3	7	12	6	33	12	48	49	38	24	18	43	17	33	0	49	48	8	38	0	27	37	45	8	2	7	11	16	30	7	26	9	11	8	21	20
15	26	43	36	41	36	38	1	12	0	0	14	46	36	32	12	23	20	47	10	11	5	14	48	7	22	11	34	9	44	6	9	8	29	13	42	10	20	19	49	13	15	21	44	26	36	35	5	19	19	20	2	37	49	0	27	49	2	1	20	16	47	9	8	7	7	10	30	6	26	46	6	38	39	12
21	33	37	46	36	5	34	20	29	15	25	19	7	32	38	30	46	1	22	17	21	12	46	11	36	25	1	2	42	23	37	15	11	37	40	19	12	45	6	14	46	13	7	13	37	35	18	7	33	15	40	17	44	48	27	0	4	21	4	25	44	26	44	30	20	31	46	3	35	6	40	0	46	29	11
43	43	6	8	17	5	0	6	3	18	17	46	13	12	15	46	47	1	13	33	22	16	10	33	32	22	26	8	17	16	15	9	26	44	48	18	9	42	0	7	14	20	4	2	8	42	39	6	1	10	4	46	6	8	49	4	0	43	15	16	33	40	11	7	20	5	18	12	19	14	37	30	33	44	40
8	1	43	8	10	6	6	44	39	37	13	27	33	27	35	35	10	22	13	15	32	33	34	46	33	14	16	45	43	6	38	25	5	21	37	41	3	9	2	35	27	33	18	34	3	44	21	37	11	11	45	26	10	38	2	21	43	0	44	1	29	3	30	23	46	24	19	27	13	18	14	8	22	27	47
8	13	18	17	12	3	36	9	34	14	38	46	27	17	2	12	2	8	15	0	6	33	40	10	11	8	1	49	37	6	45	8	38	34	19	11	26	29	28	13	44	19	15	41	14	28	9	2	3	35	26	39	18	0	1	4	15	44	0	10	10	25	6	46	44	10	7	4	36	22	23	29	12	0	26
0	6	16	0	30	14	43	5	1	25	16	20	40	33	47	47	44	40	23	16	25	38	39	11	38	24	42	9	20	3	5	8	11	3	43	8	33	16	29	13	28	27	20	18	28	35	12	8	24	11	13	31	18	27	20	25	16	1	10	0	39	19	1	19	3	4	13	45	5	11	43	47	31	22	30
1	7	7	34	40	1	22	6	44	34	19	26	25	36	13	0	3	21	19	40	32	1	15	6	12	0	6	3	40	32	11	7	25	5	33	31	6	32	12	39	16	0	10	8	34	15	39	35	30	9	42	2	40	37	16	44	33	29	10	39	0	26	10	5	30	38	27	11	43	45	37	42	44	31	24
25	32	34	22	30	46	31	39	4	7	42	33	20	8	29	19	27	48	31	38	2	40	3	36	11	18	11	10	14	42	44	47	7	8	2	3	15	33	45	34	20	8	30	19	15	11	3	16	4	46	6	19	21	45	47	26	40	3	25	19	26	0	0	31	45	48	8	8	41	21	38	1	3	8	46
13	25	9	38	35	21	7	1	33	13	17	35	13	0	40	31	15	34	21	3	15	16	41	10	13	7	30	3	31	7	36	42	1	18	3	34	8	44	44	43	0	49	32	2	8	7	10	9	14	16	16	19	4	8	9	44	11	30	6	1	10	0	0	31	40	49	20	24	15	41	17	12	37	18	34
42	46	1	6	20	38	23	6	4	38	0	41	36	22	25	47	28	47	23	45	46	40	24	13	7	9	9	22	4	5	15	2	6	31	19	4	47	49	23	13	47	46	37	39	46	40	45	19	7	46	40	4	35	2	8	30	7	23	46	19	5	31	31	0	5	9	9	34	8	0	7	25	24	14	18
42	43	11	29	36	31	35	10	0	30	7	27	4	9	29	16	29	42	45	11	24	9	40	49	44	44	30	12	7	8	2	6	40	8	3	42	32	42	30	14	41	42	8	29	30	31	30	6	49	13	35	48	4	7	7	20	20	46	44	3	30	45	40	5	0	16	27	6	44	16	2	24	26	26	48
43	22	4	4	40	13	21	37	29	16	22	39	9	2	26	22	2	13	29	47	49	49	36	39	37	18	23	20	29	17	10	30	1	11	4	31	41	46	8	20	17	1	41	15	38	34	25	9	25	34	17	12	15	11	7	31	5	24	10	4	38	48	49	9	16	0	24	10	41	13	39	2	4	37	30
25	34	1	42	4	17	47	9	15	28	43	0	4	24	12	6	19	25	14	16	6	3	39	25	28	40	7	49	34	27	14	23	44	36	5	7	6	27	27	24	21	49	28	37	45	22	38	41	21	42	11	23	7	16	10	46	18	19	7	13	27	8	20	9	27	24	0	11	8	10	26	23	22	28	13
37	29	13	25	16	17	36	6	22	39	46	10	11	16	26	37	6	44	25	30	14	22	39	30	19	40	41	31	42	1	36	23	29	21	43	10	22	19	11	46	23	47	34	19	37	39	5	27	43	31	12	45	2	30	30	3	12	27	4	45	11	8	24	34	6	10	11	0	43	6	31	18	43	11	12
5	14	8	40	27	8	49	25	48	10	17	26	0	42	6	13	7	11	46	10	49	22	14	15	10	9	28	0	33	45	40	45	48	35	40	43	21	31	49	26	29	20	14	27	32	23	45	48	34	0	45	2	1	7	6	35	19	13	36	5	43	41	15	8	44	41	8	43	0	11	38	30	47	42	17
11	17	33	40	17	9	33	22	12	19	18	11	17	20	1	2	20	24	16	16	30	47	21	44	0	7	13	44	27	2	13	7	5	5	4	14	43	36	31	18	23	47	37	8	17	39	5	37	40	47	4	36	19	26	26	6	14	18	22	11	45	21	41	0	16	13	10	6	11	0	29	14	33	23	14
21	33	22	5	40	1	36	26	29	25	32	38	6	5	41	24	25	33	17	25	32	38	9	32	24	31	47	5	10	21	10	31	8	47	5	27	28	45	41	49	15	18	34	33	1	30	9	11	7	32	28	41	30	9	46	40	37	14	23	43	37	38	17	7	2	39	26	31	38	29	0	3	29	27	26
38	40	43	39	12	10	32	13	36	18	2	47	25	1	23	3	15	36	12	39	11	5	27	19	6	8	27	33	1	28	6	6	20	19	15	36	0	45	8	34	49	25	38	26	34	40	4	1	8	33	46	22	0	11	6	0	30	8	29	47	42	1	12	25	24	2	23	18	30	14	3	0	8	0	17
34	38	21	25	16	11	11	13	46	11	39	10	36	33	2	9	10	2	34	27	16	8	14	3	5	8	28	47	19	12	31	11	9	2	2	47	22	44	33	16	34	0	7	12	47	8	9	31	20	28	46	23	33	8	38	46	33	22	12	31	44	3	37	24	26	4	22	43	47	33	29	8	0	34	6
3	32	41	24	21	17	49	0	6	9	38	13	42	22	23	34	42	46	16	49	13	24	4	33	44	8	37	4	8	4	34	30	40	47	27	45	35	8	36	8	2	20	41	28	25	43	42	19	40	7	19	7	18	21	39	29	44	27	0	22	31	8	18	14	26	37	28	11	42	23	27	0	34	0	21
34	44	45	6	49	19	42	13	36	34	31	20	26	2	12	43	31	9	2	8	7	12	32	0	38	31	45	5	8	0	2	47	35	0	21	17	23	39	0	41	21	5	42	38	13	49	1	32	6	2	26	48	36	20	12	11	40	47	26	30	24	46	34	18	48	30	13	12	17	14	26	17	6	21	0
