100
1	 28	 2481	 2571	 44	 49
2	 43	 4576	 4658	 20	 64
3	 94	 5955	 5999	 57	 96
4	 85	 2779	 2787	 24	 95
5	 79	 4514	 4576	 73	 98
6	 79	 5724	 5788	 2	 24
7	 94	 5029	 5055	 58	 91
8	 19	 3827	 3849	 4	 38
9	 70	 5069	 5133	 24	 51
10	 88	 5778	 5868	 8	 54
11	 2	 3120	 3162	 0	 99
12	 11	 5180	 5208	 35	 40
13	 12	 6257	 6271	 92	 98
14	 59	 5446	 5466	 35	 46
15	 47	 5098	 5164	 28	 33
16	 20	 3157	 3221	 5	 27
17	 23	 3609	 3701	 26	 72
18	 75	 5566	 5590	 45	 62
19	 64	 3347	 3411	 15	 41
20	 23	 3486	 3494	 25	 28
21	 96	 3672	 3698	 35	 97
22	 8	 3531	 3553	 1	 35
23	 58	 4380	 4392	 8	 36
24	 46	 4155	 4233	 3	 24
25	 14	 3201	 3263	 45	 87
26	 100	 5721	 5727	 15	 83
27	 42	 6135	 6211	 18	 69
28	 4	 4056	 4134	 10	 100
29	 30	 5730	 5738	 72	 97
30	 63	 4944	 4952	 16	 79
31	 10	 6344	 6408	 45	 90
32	 26	 5087	 5089	 7	 59
33	 96	 6096	 6108	 32	 34
34	 82	 5890	 5936	 24	 26
35	 90	 3611	 3619	 71	 89
36	 26	 4334	 4398	 1	 34
37	 67	 4129	 4133	 17	 60
38	 81	 5855	 5947	 47	 87
39	 69	 4832	 4900	 34	 40
40	 91	 3388	 3488	 14	 45
41	 18	 3999	 4061	 64	 87
42	 29	 5912	 5938	 1	 36
43	 83	 4971	 4975	 21	 100
44	 65	 3564	 3640	 0	 20
45	 80	 3049	 3089	 49	 57
46	 18	 4249	 4271	 23	 24
47	 83	 5693	 5775	 17	 77
48	 11	 3981	 4041	 47	 51
49	 80	 3470	 3570	 18	 90
50	 7	 3934	 4024	 25	 90
51	 10	 5150	 5202	 25	 51
52	 89	 3290	 3362	 17	 65
53	 45	 4110	 4190	 32	 99
54	 53	 6010	 6012	 48	 49
55	 35	 6072	 6158	 56	 78
56	 5	 6141	 6209	 1	 65
57	 70	 5600	 5688	 35	 58
58	 37	 5021	 5051	 9	 48
59	 75	 3551	 3635	 11	 35
60	 98	 3379	 3381	 7	 66
61	 23	 6478	 6502	 38	 59
62	 63	 2660	 2756	 4	 28
63	 58	 4695	 4773	 13	 38
64	 59	 4827	 4905	 33	 42
65	 97	 5452	 5470	 7	 52
66	 95	 5944	 6008	 14	 29
67	 25	 5647	 5679	 8	 39
68	 16	 5747	 5827	 56	 87
69	 5	 5856	 5928	 8	 33
70	 58	 4211	 4217	 9	 31
71	 61	 2864	 2872	 91	 93
72	 78	 2698	 2702	 37	 43
73	 15	 3862	 3912	 62	 69
74	 22	 2998	 3088	 37	 84
75	 36	 3394	 3422	 61	 68
76	 34	 5480	 5484	 14	 24
77	 66	 2938	 2980	 5	 65
78	 98	 5624	 5706	 47	 61
79	 33	 2616	 2696	 17	 52
80	 43	 4013	 4067	 50	 53
81	 47	 4183	 4265	 68	 73
82	 24	 2996	 3054	 21	 32
83	 99	 3997	 4005	 17	 26
84	 26	 4610	 4684	 14	 44
85	 54	 4015	 4093	 31	 33
86	 64	 5081	 5163	 13	 26
87	 11	 2520	 2526	 18	 25
88	 59	 3502	 3510	 54	 80
89	 1	 4664	 4690	 31	 37
90	 79	 5552	 5558	 9	 40
91	 91	 3761	 3827	 7	 28
92	 19	 4538	 4570	 29	 32
93	 12	 5124	 5144	 16	 42
94	 10	 4534	 4538	 25	 55
95	 81	 5443	 5493	 46	 55
96	 61	 2504	 2556	 28	 58
97	 90	 3961	 4049	 1	 28
98	 13	 3610	 3668	 31	 61
99	 46	 4440	 4456	 76	 93
100	 28	 4271	 4349	 19	 33
0	5	33	31	45	48	31	5	5	47	15	37	4	39	15	1	46	29	38	10	34	40	6	2	44	17	3	49	29	44	19	26	26	22	4	10	41	7	17	46	21	48	20	34	23	49	2	28	32	25	47	24	3	26	28	39	8	18	13	40	27	45	48	49	28	35	4	42	2	30	48	9	31	32	32	17	26	32	32	38	23	43	23	7	0	21	0	10	4	8	45	14	12	1	0	19	40	30	26	4
5	0	11	24	35	21	24	15	3	9	12	6	23	1	19	34	20	2	31	36	2	7	35	3	26	10	37	20	41	9	36	1	10	24	15	9	9	32	32	37	39	43	31	19	48	26	43	43	44	32	7	44	34	25	16	30	34	45	48	27	27	19	46	26	32	11	20	37	32	2	27	26	8	3	2	20	12	22	43	33	18	9	36	31	34	9	23	32	46	17	39	17	15	16	3	16	18	36	7	8
33	11	0	47	31	0	14	37	39	10	9	35	17	37	4	34	24	18	12	16	20	40	10	41	31	34	22	44	43	24	1	4	16	30	28	33	1	1	28	39	25	29	6	49	48	33	15	37	41	9	26	29	15	23	11	48	1	47	9	7	31	17	10	6	19	6	49	49	12	18	18	12	36	32	20	39	43	10	45	36	6	25	37	12	16	11	7	33	4	48	40	13	1	11	2	3	1	25	23	49
31	24	47	0	16	32	20	18	13	18	45	7	25	29	1	17	29	27	24	47	10	11	8	13	19	9	29	5	2	30	7	9	22	41	40	23	39	42	4	1	31	47	11	4	14	40	33	12	12	48	1	48	12	31	26	45	19	37	31	22	37	8	5	44	30	35	31	38	20	29	8	14	28	15	19	34	9	39	28	34	4	3	28	12	5	39	48	6	25	39	32	25	3	3	34	41	37	16	6	41
45	35	31	16	0	10	17	16	27	33	23	14	7	44	21	33	29	49	45	16	1	4	11	38	49	9	8	13	39	38	33	41	0	41	4	43	4	49	33	42	0	29	13	10	7	15	24	7	35	31	23	34	16	46	12	12	47	37	45	9	36	5	1	9	27	42	20	11	39	49	38	33	6	14	49	9	17	2	32	1	45	10	10	32	45	26	2	9	28	25	36	28	2	37	24	14	30	42	45	38
48	21	0	32	10	0	10	16	17	32	10	20	8	35	4	28	21	38	13	45	33	8	5	49	44	3	9	38	33	3	4	40	1	38	49	30	15	39	46	8	27	8	5	47	39	33	37	25	25	10	17	18	7	1	47	17	6	42	2	0	10	31	16	4	9	44	12	43	19	20	17	21	28	46	46	31	14	17	38	14	13	13	33	3	30	39	28	40	5	37	36	23	41	47	48	4	4	8	20	34
31	24	14	20	17	10	0	10	41	27	33	27	39	4	4	8	31	7	38	7	32	13	44	7	10	16	32	38	28	1	40	35	30	38	47	6	28	40	27	13	24	13	42	10	18	24	4	19	19	12	24	37	32	0	32	44	5	34	19	0	2	2	38	45	48	5	42	21	11	46	33	42	6	46	31	19	21	8	3	11	35	14	5	27	34	15	27	39	46	42	6	46	35	42	4	44	12	33	20	40
5	15	37	18	16	16	10	0	32	15	44	17	31	5	42	5	23	35	27	16	7	1	14	16	14	28	5	17	41	7	23	20	49	48	11	37	48	48	28	27	10	8	22	15	2	33	19	37	40	30	4	45	18	45	35	12	34	18	43	45	1	7	21	25	11	10	24	18	48	42	17	42	28	12	29	4	6	17	5	6	33	2	2	15	24	1	19	9	0	47	0	2	39	43	40	10	23	4	46	48
5	3	39	13	27	17	41	32	0	30	1	26	10	47	35	31	36	9	30	40	47	36	42	41	20	36	15	1	25	16	8	10	34	40	0	28	49	28	8	48	15	14	9	11	29	49	43	0	24	3	13	31	47	32	6	24	5	28	4	46	12	19	0	20	27	26	45	4	26	28	31	47	45	31	6	11	17	3	32	49	6	37	41	49	38	49	12	0	8	49	37	0	45	5	12	34	25	35	31	44
47	9	10	18	33	32	27	15	30	0	9	39	1	10	11	11	31	14	30	20	37	27	33	29	23	12	44	48	43	11	22	42	49	30	0	19	24	1	36	20	17	20	38	39	38	26	44	12	3	16	3	24	25	36	44	23	32	11	20	11	5	14	30	37	27	8	4	46	5	29	46	22	12	24	8	42	8	25	7	35	26	45	16	23	14	13	13	12	46	9	30	37	11	24	24	31	39	16	13	7
15	12	9	45	23	10	33	44	1	9	0	49	22	4	35	16	9	28	20	45	28	25	28	38	35	18	6	6	4	38	2	6	11	5	46	47	34	9	44	0	20	32	42	38	1	7	7	25	14	13	21	38	16	27	49	40	38	42	29	8	14	15	20	2	32	43	12	41	30	46	25	28	48	48	37	45	25	41	8	2	24	28	43	35	42	22	35	27	3	20	42	38	41	4	2	40	2	44	0	7
37	6	35	7	14	20	27	17	26	39	49	0	11	46	25	42	49	28	25	8	16	10	25	24	12	5	25	3	48	13	15	25	37	18	1	28	48	21	28	32	45	11	6	14	33	38	11	41	20	11	23	17	9	20	40	21	4	47	4	35	38	19	1	7	1	29	43	32	41	8	47	11	20	37	29	31	27	0	44	38	36	15	29	15	12	30	13	48	18	9	35	36	19	44	7	9	27	28	4	20
4	23	17	25	7	8	39	31	10	1	22	11	0	37	38	47	27	20	37	30	5	4	24	8	24	0	21	40	17	44	2	20	35	17	26	12	2	33	41	12	3	31	37	4	7	48	20	1	11	9	2	18	35	26	18	37	38	14	9	12	37	34	16	35	41	47	49	0	48	9	13	7	2	46	37	36	1	28	24	41	12	6	29	1	11	16	32	5	5	13	10	40	19	21	5	5	7	4	9	22
39	1	37	29	44	35	4	5	47	10	4	46	37	0	33	12	26	20	12	0	34	8	36	11	13	46	48	38	2	5	1	8	23	24	30	19	49	45	2	8	39	31	3	4	24	10	26	39	42	13	13	8	35	12	23	7	3	17	39	45	43	13	47	48	44	4	5	28	5	46	11	25	14	27	12	26	47	49	1	8	42	13	26	8	2	24	37	12	14	32	34	7	5	36	45	41	9	32	10	33
15	19	4	1	21	4	4	42	35	11	35	25	38	33	0	1	21	4	1	33	27	47	13	6	7	18	49	46	40	30	6	22	23	13	40	35	3	47	6	10	6	23	26	35	37	41	45	25	45	37	42	43	13	2	39	18	45	0	7	11	46	27	0	44	28	21	31	34	16	29	7	48	45	36	38	9	22	24	5	30	10	20	34	11	9	17	0	38	22	23	28	11	12	39	6	26	45	36	2	28
1	34	34	17	33	28	8	5	31	11	16	42	47	12	1	0	12	1	7	19	41	19	4	0	6	1	49	41	35	16	28	6	5	21	6	32	26	38	32	48	1	5	46	11	10	8	47	35	48	28	30	36	13	19	12	6	39	32	42	43	35	11	28	46	4	19	29	4	22	8	17	34	44	23	31	49	26	1	3	26	3	7	4	0	40	26	2	8	23	23	41	1	38	22	16	39	7	19	26	4
46	20	24	29	29	21	31	23	36	31	9	49	27	26	21	12	0	2	48	34	16	27	29	4	38	13	22	10	12	5	27	34	46	48	37	46	3	26	9	44	4	27	35	31	41	29	27	43	29	46	14	28	20	29	24	30	21	1	48	24	3	10	21	29	47	10	43	28	1	45	28	5	34	17	29	12	34	39	27	16	5	20	24	45	13	18	9	4	29	11	12	21	15	0	34	16	15	8	1	35
29	2	18	27	49	38	7	35	9	14	28	28	20	20	4	1	2	0	41	13	11	3	21	13	32	29	30	11	9	6	17	12	34	35	41	9	42	13	9	20	11	21	21	15	4	42	3	15	37	1	24	20	18	28	11	44	35	13	14	21	46	11	4	19	45	42	26	42	12	43	5	0	11	7	23	7	8	16	19	20	10	2	9	39	6	37	22	27	12	29	41	1	26	24	12	36	18	3	4	34
38	31	12	24	45	13	38	27	30	30	20	25	37	12	1	7	48	41	0	43	33	30	5	30	44	21	0	19	12	11	12	22	40	6	27	3	3	22	21	9	5	3	46	29	29	38	48	49	16	36	15	36	31	7	1	0	6	33	0	5	5	38	13	31	41	7	34	41	3	47	41	23	38	45	33	6	23	38	9	49	49	1	17	10	14	4	28	5	49	29	32	28	8	6	13	6	47	7	36	14
10	36	16	47	16	45	7	16	40	20	45	8	30	0	33	19	34	13	43	0	38	14	43	46	37	45	31	26	20	40	34	16	0	13	3	49	24	3	41	37	17	1	24	8	19	41	9	44	40	1	44	48	7	10	13	0	44	37	26	23	23	40	0	22	6	28	25	42	20	6	11	33	13	47	5	20	30	21	8	28	42	42	23	13	31	11	41	25	28	44	10	11	11	22	22	3	46	6	10	34
34	2	20	10	1	33	32	7	47	37	28	16	5	34	27	41	16	11	33	38	0	39	43	17	0	28	37	46	21	37	37	32	8	8	11	49	33	32	0	32	0	21	21	24	21	7	46	19	46	36	34	34	25	46	17	22	18	40	0	28	30	9	47	42	13	31	14	9	39	10	16	9	0	26	13	26	28	9	32	33	38	45	18	20	0	18	0	32	28	9	9	19	49	9	22	5	48	2	42	10
40	7	40	11	4	8	13	1	36	27	25	10	4	8	47	19	27	3	30	14	39	0	9	9	42	2	33	9	43	2	42	24	20	14	1	17	33	45	47	19	17	10	16	44	40	6	13	24	7	2	30	45	32	47	4	13	33	26	32	22	5	43	42	21	35	2	8	32	2	26	4	33	21	20	49	6	28	0	15	42	7	32	9	6	11	14	32	12	8	30	22	11	11	8	1	34	11	21	37	44
6	35	10	8	11	5	44	14	42	33	28	25	24	36	13	4	29	21	5	43	43	9	0	30	39	48	46	6	45	27	43	34	39	6	27	34	11	6	46	13	17	10	11	44	28	28	45	35	9	15	13	38	26	36	28	0	23	12	41	7	30	3	39	1	0	36	43	17	29	47	8	33	21	25	4	25	17	11	7	49	18	17	2	18	47	23	41	40	2	43	34	30	33	27	23	32	25	23	45	7
2	3	41	13	38	49	7	16	41	29	38	24	8	11	6	0	4	13	30	46	17	9	30	0	17	0	8	14	33	28	7	39	10	32	40	36	39	1	29	33	9	23	36	8	6	49	20	41	6	16	38	5	33	2	8	22	6	23	38	38	40	2	45	2	39	31	46	35	41	23	27	7	47	15	21	46	35	13	12	16	7	27	45	20	3	16	36	21	49	37	4	24	8	37	27	33	30	26	45	49
44	26	31	19	49	44	10	14	20	23	35	12	24	13	7	6	38	32	44	37	0	42	39	17	0	37	24	19	21	39	43	7	7	28	14	26	18	4	23	3	25	47	40	17	39	16	26	9	42	47	14	0	47	10	22	29	2	11	44	25	13	5	44	8	1	11	36	37	30	1	4	14	1	1	7	43	25	12	9	44	1	45	37	44	41	21	12	13	34	28	21	38	43	4	49	29	39	44	12	23
17	10	34	9	9	3	16	28	36	12	18	5	0	46	18	1	13	29	21	45	28	2	48	0	37	0	25	27	40	13	6	34	26	43	0	25	3	46	8	16	37	12	42	6	8	8	6	8	47	18	3	21	47	30	6	12	2	44	41	11	8	26	14	18	40	29	16	29	29	31	2	38	43	8	30	28	19	31	14	13	8	9	10	31	47	0	1	16	9	1	6	8	11	45	24	31	3	10	19	23
3	37	22	29	8	9	32	5	15	44	6	25	21	48	49	49	22	30	0	31	37	33	46	8	24	25	0	41	42	5	6	10	27	5	34	18	5	34	41	14	0	20	32	31	32	7	19	29	11	40	48	48	35	13	37	16	23	37	0	24	5	12	44	4	10	33	40	6	23	9	19	0	39	15	45	48	7	39	36	20	35	1	21	39	10	10	38	32	22	44	49	0	32	44	44	27	20	1	34	33
49	20	44	5	13	38	38	17	1	48	6	3	40	38	46	41	10	11	19	26	46	9	6	14	19	27	41	0	4	27	23	0	29	19	10	2	25	38	40	42	33	15	43	5	14	45	34	49	45	31	38	39	26	39	12	25	46	31	19	1	10	35	42	40	0	23	22	3	0	9	32	20	34	23	20	46	45	40	42	26	13	30	0	26	16	8	38	2	29	11	16	0	41	11	31	28	18	7	26	15
29	41	43	2	39	33	28	41	25	43	4	48	17	2	40	35	12	9	12	20	21	43	45	33	21	40	42	4	0	46	19	37	16	34	44	48	7	13	49	1	9	28	30	10	38	5	29	39	3	30	12	3	19	15	26	0	40	27	40	12	18	34	47	1	14	18	49	4	9	48	1	29	34	4	17	7	39	49	35	9	21	32	0	16	17	37	29	37	2	28	24	6	46	11	35	44	20	1	10	45
44	9	24	30	38	3	1	7	16	11	38	13	44	5	30	16	5	6	11	40	37	2	27	28	39	13	5	27	46	0	18	30	47	26	12	23	11	42	22	49	4	6	11	8	48	31	41	21	16	13	43	49	33	10	7	16	21	25	12	40	16	11	32	4	22	49	38	34	36	9	13	39	8	47	8	5	26	12	28	38	10	25	33	16	10	5	16	7	7	6	22	36	48	1	39	3	36	33	47	26
19	36	1	7	33	4	40	23	8	22	2	15	2	1	6	28	27	17	12	34	37	42	43	7	43	6	6	23	19	18	0	10	26	28	39	9	48	49	3	9	10	17	31	18	1	29	29	5	17	38	3	25	3	5	13	48	9	40	29	16	15	37	7	25	26	25	25	45	46	49	44	11	48	6	32	18	6	47	35	3	21	25	2	42	42	47	39	2	30	21	40	44	32	40	32	27	13	21	22	8
26	1	4	9	41	40	35	20	10	42	6	25	20	8	22	6	34	12	22	16	32	24	34	39	7	34	10	0	37	30	10	0	7	27	42	3	3	0	8	3	12	21	17	37	32	13	38	12	48	27	21	38	16	47	26	36	8	2	30	25	6	30	6	32	17	9	48	28	27	11	36	12	12	15	6	4	36	15	10	29	40	10	4	28	2	22	13	16	14	0	33	13	34	10	37	1	13	2	26	14
26	10	16	22	0	1	30	49	34	49	11	37	35	23	23	5	46	34	40	0	8	20	39	10	7	26	27	29	16	47	26	7	0	30	43	46	26	6	40	17	4	23	41	42	20	10	3	38	19	31	25	43	27	15	42	37	27	49	12	34	43	39	3	34	22	4	2	12	1	32	11	44	7	40	7	1	7	39	0	32	37	21	42	13	25	48	16	16	3	9	47	45	28	35	4	30	31	2	38	42
22	24	30	41	41	38	38	48	40	30	5	18	17	24	13	21	48	35	6	13	8	14	6	32	28	43	5	19	34	26	28	27	30	0	31	32	25	43	10	37	47	7	37	0	22	47	28	26	35	46	12	22	8	43	17	48	19	14	26	42	11	18	7	35	29	12	34	27	45	13	43	13	27	41	3	45	17	10	13	49	35	28	27	15	16	0	42	13	11	2	34	28	11	33	41	44	2	6	28	32
4	15	28	40	4	49	47	11	0	0	46	1	26	30	40	6	37	41	27	3	11	1	27	40	14	0	34	10	44	12	39	42	43	31	0	0	40	17	17	9	46	0	12	30	31	47	3	31	46	16	14	19	39	49	16	35	1	11	19	23	42	13	26	45	22	8	23	33	13	32	37	32	2	11	1	43	27	35	24	21	31	35	17	0	11	13	25	23	0	49	30	31	11	16	19	21	40	8	17	43
10	9	33	23	43	30	6	37	28	19	47	28	12	19	35	32	46	9	3	49	49	17	34	36	26	25	18	2	48	23	9	3	46	32	0	0	7	8	13	5	3	32	22	33	18	31	6	49	21	34	33	16	34	3	14	15	19	28	12	42	19	27	26	35	41	14	6	4	14	40	35	2	0	30	21	46	41	17	7	39	1	10	27	13	13	3	44	17	5	7	16	5	18	32	8	10	19	1	26	28
41	9	1	39	4	15	28	48	49	24	34	48	2	49	3	26	3	42	3	24	33	33	11	39	18	3	5	25	7	11	48	3	26	25	40	7	0	25	49	31	40	44	15	19	39	8	5	35	46	5	33	9	9	9	34	47	40	28	37	6	33	33	30	32	26	23	12	28	39	1	36	49	2	4	30	20	48	45	31	16	9	46	38	2	43	9	8	5	19	27	24	8	30	36	32	12	2	29	27	21
7	32	1	42	49	39	40	48	28	1	9	21	33	45	47	38	26	13	22	3	32	45	6	1	4	46	34	38	13	42	49	0	6	43	17	8	25	0	39	13	0	9	16	15	18	14	2	23	15	17	14	44	14	42	4	26	0	36	11	20	45	10	45	42	47	46	10	2	46	41	47	1	8	16	16	11	20	40	36	7	15	11	20	12	6	22	13	35	38	8	12	7	5	31	39	11	24	42	48	43
17	32	28	4	33	46	27	28	8	36	44	28	41	2	6	32	9	9	21	41	0	47	46	29	23	8	41	40	49	22	3	8	40	10	17	13	49	39	0	11	14	8	22	35	11	6	29	28	41	33	41	22	22	10	36	24	12	18	22	2	34	11	48	30	18	46	49	45	28	18	44	6	31	14	24	19	3	6	17	18	12	31	42	20	21	9	7	37	40	25	8	29	32	42	34	8	30	29	48	49
46	37	39	1	42	8	13	27	48	20	0	32	12	8	10	48	44	20	9	37	32	19	13	33	3	16	14	42	1	49	9	3	17	37	9	5	31	13	11	0	9	15	10	49	34	19	44	19	46	25	48	43	48	21	49	27	44	1	21	30	35	34	1	44	38	6	36	27	7	23	48	8	49	8	39	49	3	36	48	37	13	39	38	26	4	35	47	37	25	15	46	35	24	14	14	10	7	39	47	4
21	39	25	31	0	27	24	10	15	17	20	45	3	39	6	1	4	11	5	17	0	17	17	9	25	37	0	33	9	4	10	12	4	47	46	3	40	0	14	9	0	6	44	24	47	8	1	8	18	8	43	16	30	46	43	11	38	14	10	24	45	43	44	9	25	41	13	32	27	30	49	25	5	47	42	29	10	36	12	45	27	15	23	43	42	1	8	19	3	15	38	35	46	26	10	7	49	42	8	22
48	43	29	47	29	8	13	8	14	20	32	11	31	31	23	5	27	21	3	1	21	10	10	23	47	12	20	15	28	6	17	21	23	7	0	32	44	9	8	15	6	0	35	37	43	14	22	43	26	44	24	17	46	6	16	13	11	13	13	45	0	25	38	18	22	4	42	37	32	23	2	23	27	6	45	44	47	14	15	8	1	44	28	1	35	9	6	36	47	5	36	45	37	31	1	40	40	27	20	29
20	31	6	11	13	5	42	22	9	38	42	6	37	3	26	46	35	21	46	24	21	16	11	36	40	42	32	43	30	11	31	17	41	37	12	22	15	16	22	10	44	35	0	41	36	42	48	5	42	0	27	38	41	15	13	2	7	7	38	30	29	9	21	13	31	41	25	47	29	44	25	38	27	47	1	8	15	6	4	28	17	1	15	37	3	11	1	17	2	13	26	7	42	13	5	34	46	1	7	1
34	19	49	4	10	47	10	15	11	39	38	14	4	4	35	11	31	15	29	8	24	44	44	8	17	6	31	5	10	8	18	37	42	0	30	33	19	15	35	49	24	37	41	0	25	22	34	29	37	36	43	28	8	9	19	43	44	4	11	4	31	49	18	0	35	2	13	38	24	3	23	15	43	14	49	23	16	45	13	49	4	12	9	26	30	2	42	37	43	0	20	21	23	38	8	4	49	25	29	23
23	48	48	14	7	39	18	2	29	38	1	33	7	24	37	10	41	4	29	19	21	40	28	6	39	8	32	14	38	48	1	32	20	22	31	18	39	18	11	34	47	43	36	25	0	21	0	13	1	25	18	3	46	31	26	34	7	22	0	45	5	20	7	49	22	14	33	44	39	6	14	20	20	24	47	41	6	41	25	9	48	44	6	24	25	1	28	11	39	4	34	19	0	10	30	11	27	29	48	28
49	26	33	40	15	33	24	33	49	26	7	38	48	10	41	8	29	42	38	41	7	6	28	49	16	8	7	45	5	31	29	13	10	47	47	31	8	14	6	19	8	14	42	22	21	0	9	36	16	40	48	15	45	8	14	32	26	14	10	34	10	24	3	48	41	13	42	28	35	6	13	33	42	46	19	18	35	35	11	13	22	13	1	18	22	15	6	48	35	31	43	33	1	18	42	30	44	18	31	2
2	43	15	33	24	37	4	19	43	44	7	11	20	26	45	47	27	3	48	9	46	13	45	20	26	6	19	34	29	41	29	38	3	28	3	6	5	2	29	44	1	22	48	34	0	9	0	46	44	9	44	48	49	16	30	34	34	29	29	11	22	47	22	29	29	32	2	12	1	46	19	32	48	35	44	4	7	31	11	31	31	9	45	24	20	27	46	23	44	42	16	42	0	7	46	6	16	28	0	36
28	43	37	12	7	25	19	37	0	12	25	41	1	39	25	35	43	15	49	44	19	24	35	41	9	8	29	49	39	21	5	12	38	26	31	49	35	23	28	19	8	43	5	29	13	36	46	0	33	40	14	38	15	27	24	48	39	3	2	12	19	7	34	36	10	26	6	36	8	3	4	40	32	13	12	14	29	12	0	2	24	10	4	13	7	35	24	48	43	31	13	6	18	35	20	13	3	49	47	39
32	44	41	12	35	25	19	40	24	3	14	20	11	42	45	48	29	37	16	40	46	7	9	6	42	47	11	45	3	16	17	48	19	35	46	21	46	15	41	46	18	26	42	37	1	16	44	33	0	24	0	45	31	44	24	8	23	0	17	18	10	0	3	7	45	49	16	45	33	15	34	19	3	41	0	9	4	25	28	29	43	47	15	11	6	9	17	1	41	15	24	47	3	5	28	10	32	46	31	47
25	32	9	48	31	10	12	30	3	16	13	11	9	13	37	28	46	1	36	1	36	2	15	16	47	18	40	31	30	13	38	27	31	46	16	34	5	17	33	25	8	44	0	36	25	40	9	40	24	0	25	32	14	39	41	2	25	44	48	23	33	15	1	9	13	39	42	36	12	23	15	26	5	11	15	6	44	8	48	2	9	47	45	46	5	24	6	41	11	4	16	19	41	39	41	4	36	22	26	16
47	7	26	1	23	17	24	4	13	3	21	23	2	13	42	30	14	24	15	44	34	30	13	38	14	3	48	38	12	43	3	21	25	12	14	33	33	14	41	48	43	24	27	43	18	48	44	14	0	25	0	18	30	17	13	17	24	5	38	18	40	47	28	34	2	40	13	33	48	48	23	22	41	5	45	4	44	9	39	5	14	5	6	10	37	36	18	14	38	36	26	21	13	15	14	44	23	14	27	6
24	44	29	48	34	18	37	45	31	24	38	17	18	8	43	36	28	20	36	48	34	45	38	5	0	21	48	39	3	49	25	38	43	22	19	16	9	44	22	43	16	17	38	28	3	15	48	38	45	32	18	0	1	22	30	0	10	33	31	21	37	6	6	10	36	21	21	8	17	21	14	13	2	49	34	22	30	48	7	4	13	33	41	17	34	0	18	2	47	5	27	4	22	1	12	0	16	0	45	36
3	34	15	12	16	7	32	18	47	25	16	9	35	35	13	13	20	18	31	7	25	32	26	33	47	47	35	26	19	33	3	16	27	8	39	34	9	14	22	48	30	46	41	8	46	45	49	15	31	14	30	1	0	6	13	12	21	41	5	11	8	43	5	22	34	2	19	0	19	43	32	4	24	44	32	41	40	12	15	29	3	3	40	16	43	29	8	17	39	18	35	28	3	38	23	10	27	25	5	9
26	25	23	31	46	1	0	45	32	36	27	20	26	12	2	19	29	28	7	10	46	47	36	2	10	30	13	39	15	10	5	47	15	43	49	3	9	42	10	21	46	6	15	9	31	8	16	27	44	39	17	22	6	0	16	9	28	8	9	34	34	47	22	41	0	29	23	6	15	2	11	14	40	5	8	28	32	36	15	48	18	38	25	4	20	25	34	46	45	44	20	23	15	2	8	6	7	5	31	8
28	16	11	26	12	47	32	35	6	44	49	40	18	23	39	12	24	11	1	13	17	4	28	8	22	6	37	12	26	7	13	26	42	17	16	14	34	4	36	49	43	16	13	19	26	14	30	24	24	41	13	30	13	16	0	36	41	5	15	41	25	12	24	12	34	31	42	7	21	0	43	6	16	47	36	18	41	18	47	6	46	28	39	22	44	47	27	32	23	22	46	9	10	46	42	3	48	43	8	3
39	30	48	45	12	17	44	12	24	23	40	21	37	7	18	6	30	44	0	0	22	13	0	22	29	12	16	25	0	16	48	36	37	48	35	15	47	26	24	27	11	13	2	43	34	32	34	48	8	2	17	0	12	9	36	0	6	0	32	7	47	43	3	39	26	25	5	41	35	9	29	34	39	2	28	28	18	42	49	46	9	21	49	13	43	36	38	38	47	12	9	42	41	15	7	31	11	20	13	24
8	34	1	19	47	6	5	34	5	32	38	4	38	3	45	39	21	35	6	44	18	33	23	6	2	2	23	46	40	21	9	8	27	19	1	19	40	0	12	44	38	11	7	44	7	26	34	39	23	25	24	10	21	28	41	6	0	1	34	8	9	33	24	4	48	5	39	13	6	11	49	11	22	31	5	25	29	42	6	3	17	39	37	4	10	15	1	41	15	23	5	11	8	34	42	24	7	1	16	40
18	45	47	37	37	42	34	18	28	11	42	47	14	17	0	32	1	13	33	37	40	26	12	23	11	44	37	31	27	25	40	2	49	14	11	28	28	36	18	1	14	13	7	4	22	14	29	3	0	44	5	33	41	8	5	0	1	0	4	41	23	47	35	1	45	21	12	3	6	4	7	6	39	30	10	6	30	25	6	27	30	37	23	0	38	8	23	45	37	22	0	20	9	1	30	47	5	12	44	40
13	48	9	31	45	2	19	43	4	20	29	4	9	39	7	42	48	14	0	26	0	32	41	38	44	41	0	19	40	12	29	30	12	26	19	12	37	11	22	21	10	13	38	11	0	10	29	2	17	48	38	31	5	9	15	32	34	4	0	9	6	12	37	6	8	37	42	20	16	35	4	34	5	33	7	23	21	33	15	5	38	10	9	48	23	43	30	8	6	10	47	3	42	32	33	45	9	10	2	33
40	27	7	22	9	0	0	45	46	11	8	35	12	45	11	43	24	21	5	23	28	22	7	38	25	11	24	1	12	40	16	25	34	42	23	42	6	20	2	30	24	45	30	4	45	34	11	12	18	23	18	21	11	34	41	7	8	41	9	0	16	26	10	37	1	35	24	16	25	49	3	7	38	15	40	25	32	26	37	32	2	25	31	17	0	37	36	13	0	28	20	17	33	34	30	3	4	19	1	41
27	27	31	37	36	10	2	1	12	5	14	38	37	43	46	35	3	46	5	23	30	5	30	40	13	8	5	10	18	16	15	6	43	11	42	19	33	45	34	35	45	0	29	31	5	10	22	19	10	33	40	37	8	34	25	47	9	23	6	16	0	12	10	8	3	31	36	26	34	22	13	49	30	41	21	42	14	27	34	13	49	38	24	12	24	43	10	22	32	45	36	41	0	10	47	18	32	0	3	25
45	19	17	8	5	31	2	7	19	14	15	19	34	13	27	11	10	11	38	40	9	43	3	2	5	26	12	35	34	11	37	30	39	18	13	27	33	10	11	34	43	25	9	49	20	24	47	7	0	15	47	6	43	47	12	43	33	47	12	26	12	0	15	24	14	1	15	42	49	17	32	29	30	21	25	44	0	31	28	18	3	6	37	6	43	23	2	1	22	17	20	20	10	28	4	14	49	23	32	43
48	46	10	5	1	16	38	21	0	30	20	1	16	47	0	28	21	4	13	0	47	42	39	45	44	14	44	42	47	32	7	6	3	7	26	26	30	45	48	1	44	38	21	18	7	3	22	34	3	1	28	6	5	22	24	3	24	35	37	10	10	15	0	26	29	7	2	6	25	27	13	42	2	15	36	21	2	25	24	21	36	20	6	10	34	25	35	6	15	14	40	39	37	0	17	24	10	3	34	48
49	26	6	44	9	4	45	25	20	37	2	7	35	48	44	46	29	19	31	22	42	21	1	2	8	18	4	40	1	4	25	32	34	35	45	35	32	42	30	44	9	18	13	0	49	48	29	36	7	9	34	10	22	41	12	39	4	1	6	37	8	24	26	0	28	31	7	41	0	23	14	6	40	17	22	1	22	20	7	31	2	27	0	30	26	21	28	40	3	24	21	20	40	45	12	4	32	24	23	5
28	32	19	30	27	9	48	11	27	27	32	1	41	44	28	4	47	45	41	6	13	35	0	39	1	40	10	0	14	22	26	17	22	29	22	41	26	47	18	38	25	22	31	35	22	41	29	10	45	13	2	36	34	0	34	26	48	45	8	1	3	14	29	28	0	40	11	39	2	23	41	3	26	26	16	2	9	35	24	15	0	47	2	26	0	7	31	25	9	5	9	46	36	37	12	41	28	31	48	13
35	11	6	35	42	44	5	10	26	8	43	29	47	4	21	19	10	42	7	28	31	2	36	31	11	29	33	23	18	49	25	9	4	12	8	14	23	46	46	6	41	4	41	2	14	13	32	26	49	39	40	21	2	29	31	25	5	21	37	35	31	1	7	31	40	0	28	16	10	19	40	31	7	7	26	40	7	19	47	28	39	23	9	21	32	14	29	40	18	34	27	28	17	9	32	8	22	49	39	15
4	20	49	31	20	12	42	24	45	4	12	43	49	5	31	29	43	26	34	25	14	8	43	46	36	16	40	22	49	38	25	48	2	34	23	6	12	10	49	36	13	42	25	13	33	42	2	6	16	42	13	21	19	23	42	5	39	12	42	24	36	15	2	7	11	28	0	24	47	23	35	8	48	15	2	39	7	20	21	49	23	12	37	10	45	38	11	47	15	36	2	43	47	39	37	46	37	2	33	21
42	37	49	38	11	43	21	18	4	46	41	32	0	28	34	4	28	42	41	42	9	32	17	35	37	29	6	3	4	34	45	28	12	27	33	4	28	2	45	27	32	37	47	38	44	28	12	36	45	36	33	8	0	6	7	41	13	3	20	16	26	42	6	41	39	16	24	0	4	19	30	46	41	21	15	40	16	46	23	16	10	2	47	22	13	34	20	11	6	23	14	43	13	30	3	39	5	27	23	25
2	32	12	20	39	19	11	48	26	5	30	41	48	5	16	22	1	12	3	20	39	2	29	41	30	29	23	0	9	36	46	27	1	45	13	14	39	46	28	7	27	32	29	24	39	35	1	8	33	12	48	17	19	15	21	35	6	6	16	25	34	49	25	0	2	10	47	4	0	21	7	12	17	8	37	21	4	19	25	18	22	28	30	28	7	3	12	26	34	27	29	4	22	4	45	20	11	15	32	23
30	2	18	29	49	20	46	42	28	29	46	8	9	46	29	8	45	43	47	6	10	26	47	23	1	31	9	9	48	9	49	11	32	13	32	40	1	41	18	23	30	23	44	3	6	6	46	3	15	23	48	21	43	2	0	9	11	4	35	49	22	17	27	23	23	19	23	19	21	0	0	24	2	36	14	31	42	26	16	9	43	9	4	17	15	18	47	3	20	19	5	26	13	41	14	17	8	25	32	12
48	27	18	8	38	17	33	17	31	46	25	47	13	11	7	17	28	5	41	11	16	4	8	27	4	2	19	32	1	13	44	36	11	43	37	35	36	47	44	48	49	2	25	23	14	13	19	4	34	15	23	14	32	11	43	29	49	7	4	3	13	32	13	14	41	40	35	30	7	0	0	38	42	22	5	14	19	45	22	6	8	32	10	47	17	40	26	42	21	7	47	10	49	1	12	31	47	35	16	39
9	26	12	14	33	21	42	42	47	22	28	11	7	25	48	34	5	0	23	33	9	33	33	7	14	38	0	20	29	39	11	12	44	13	32	2	49	1	6	8	25	23	38	15	20	33	32	40	19	26	22	13	4	14	6	34	11	6	34	7	49	29	42	6	3	31	8	46	12	24	38	0	45	30	16	2	25	48	14	14	33	10	45	7	47	33	26	17	8	10	30	29	25	29	42	19	38	24	17	35
31	8	36	28	6	28	6	28	45	12	48	20	2	14	45	44	34	11	38	13	0	21	21	47	1	43	39	34	34	8	48	12	7	27	2	0	2	8	31	49	5	27	27	43	20	42	48	32	3	5	41	2	24	40	16	39	22	39	5	38	30	30	2	40	26	7	48	41	17	2	42	45	0	20	38	44	20	40	1	48	22	16	39	10	39	49	46	7	14	23	7	19	31	21	25	34	34	14	7	49
32	3	32	15	14	46	46	12	31	24	48	37	46	27	36	23	17	7	45	47	26	20	25	15	1	8	15	23	4	47	6	15	40	41	11	30	4	16	14	8	47	6	47	14	24	46	35	13	41	11	5	49	44	5	47	2	31	30	33	15	41	21	15	17	26	7	15	21	8	36	22	30	20	0	24	26	28	35	36	44	18	0	25	28	37	16	22	44	24	30	24	31	40	25	14	6	6	10	24	40
32	2	20	19	49	46	31	29	6	8	37	29	37	12	38	31	29	23	33	5	13	49	4	21	7	30	45	20	17	8	32	6	7	3	1	21	30	16	24	39	42	45	1	49	47	19	44	12	0	15	45	34	32	8	36	28	5	10	7	40	21	25	36	22	16	26	2	15	37	14	5	16	38	24	0	33	2	38	24	28	0	17	0	46	13	6	4	15	34	4	1	33	21	43	14	46	12	29	18	8
17	20	39	34	9	31	19	4	11	42	45	31	36	26	9	49	12	7	6	20	26	6	25	46	43	28	48	46	7	5	18	4	1	45	43	46	20	11	19	49	29	44	8	23	41	18	4	14	9	6	4	22	41	28	18	28	25	6	23	25	42	44	21	1	2	40	39	40	21	31	14	2	44	26	33	0	40	36	19	37	42	11	23	42	5	47	9	49	25	30	2	14	31	29	7	28	9	14	9	32
26	12	43	9	17	14	21	6	17	8	25	27	1	47	22	26	34	8	23	30	28	28	17	35	25	19	7	45	39	26	6	36	7	17	27	41	48	20	3	3	10	47	15	16	6	35	7	29	4	44	44	30	40	32	41	18	29	30	21	32	14	0	2	22	9	7	7	16	4	42	19	25	20	28	2	40	0	32	35	26	40	38	7	0	23	45	4	23	29	17	9	35	19	45	31	9	7	10	24	40
32	22	10	39	2	17	8	17	3	25	41	0	28	49	24	1	39	16	38	21	9	0	11	13	12	31	39	40	49	12	47	15	39	10	35	17	45	40	6	36	36	14	6	45	41	35	31	12	25	8	9	48	12	36	18	42	42	25	33	26	27	31	25	20	35	19	20	46	19	26	45	48	40	35	38	36	32	0	42	46	16	6	22	22	15	7	25	40	34	3	1	37	10	48	7	11	41	33	42	7
32	43	45	28	32	38	3	5	32	7	8	44	24	1	5	3	27	19	9	8	32	15	7	12	9	14	36	42	35	28	35	10	0	13	24	7	31	36	17	48	12	15	4	13	25	11	11	0	28	48	39	7	15	15	47	49	6	6	15	37	34	28	24	7	24	47	21	23	25	16	22	14	1	36	24	19	35	42	0	38	1	32	46	1	33	21	25	23	15	19	13	37	0	9	36	30	23	7	33	41
38	33	36	34	1	14	11	6	49	35	2	38	41	8	30	26	16	20	49	28	33	42	49	16	44	13	20	26	9	38	3	29	32	49	21	39	16	7	18	37	45	8	28	49	9	13	31	2	29	2	5	4	29	48	6	46	3	27	5	32	13	18	21	31	15	28	49	16	18	9	6	14	48	44	28	37	26	46	38	0	2	24	37	25	21	4	18	13	8	44	8	33	21	34	48	33	2	43	1	21
23	18	6	4	45	13	35	33	6	26	24	36	12	42	10	3	5	10	49	42	38	7	18	7	1	8	35	13	21	10	21	40	37	35	31	1	9	15	12	13	27	1	17	4	48	22	31	24	43	9	14	13	3	18	46	9	17	30	38	2	49	3	36	2	0	39	23	10	22	43	8	33	22	18	0	42	40	16	1	2	0	39	13	44	33	30	33	6	7	27	9	4	15	11	37	25	5	11	45	36
43	9	25	3	10	13	14	2	37	45	28	15	6	13	20	7	20	2	1	42	45	32	17	27	45	9	1	30	32	25	25	10	21	28	35	10	46	11	31	39	15	44	1	12	44	13	9	10	47	47	5	33	3	38	28	21	39	37	10	25	38	6	20	27	47	23	12	2	28	9	32	10	16	0	17	11	38	6	32	24	39	0	33	24	43	42	4	31	37	47	26	47	14	12	3	1	24	8	25	16
23	36	37	28	10	33	5	2	41	16	43	29	29	26	34	4	24	9	17	23	18	9	2	45	37	10	21	0	0	33	2	4	42	27	17	27	38	20	42	38	23	28	15	9	6	1	45	4	15	45	6	41	40	25	39	49	37	23	9	31	24	37	6	0	2	9	37	47	30	4	10	45	39	25	0	23	7	22	46	37	13	33	0	38	36	18	8	31	20	30	15	23	1	6	25	1	2	49	16	44
7	31	12	12	32	3	27	15	49	23	35	15	1	8	11	0	45	39	10	13	20	6	18	20	44	31	39	26	16	16	42	28	13	15	0	13	2	12	20	26	43	1	37	26	24	18	24	13	11	46	10	17	16	4	22	13	4	0	48	17	12	6	10	30	26	21	10	22	28	17	47	7	10	28	46	42	0	22	1	25	44	24	38	0	8	2	47	44	4	41	5	49	9	27	25	36	10	2	44	39
0	34	16	5	45	30	34	24	38	14	42	12	11	2	9	40	13	6	14	31	0	11	47	3	41	47	10	16	17	10	42	2	25	16	11	13	43	6	21	4	42	35	3	30	25	22	20	7	6	5	37	34	43	20	44	43	10	38	23	0	24	43	34	26	0	32	45	13	7	15	17	47	39	37	13	5	23	15	33	21	33	43	36	8	0	17	9	12	11	10	7	34	5	14	38	42	38	32	40	5
21	9	11	39	26	39	15	1	49	13	22	30	16	24	17	26	18	37	4	11	18	14	23	16	21	0	10	8	37	5	47	22	48	0	13	3	9	22	9	35	1	9	11	2	1	15	27	35	9	24	36	0	29	25	47	36	15	8	43	37	43	23	25	21	7	14	38	34	3	18	40	33	49	16	6	47	45	7	21	4	30	42	18	2	17	0	49	15	9	23	11	23	3	19	12	20	33	28	1	47
0	23	7	48	2	28	27	19	12	13	35	13	32	37	0	2	9	22	28	41	0	32	41	36	12	1	38	38	29	16	39	13	16	42	25	44	8	13	7	47	8	6	1	42	28	6	46	24	17	6	18	18	8	34	27	38	1	23	30	36	10	2	35	28	31	29	11	20	12	47	26	26	46	22	4	9	4	25	25	18	33	4	8	47	9	49	0	47	28	3	12	21	44	44	22	8	26	35	28	42
10	32	33	6	9	40	39	9	0	12	27	48	5	12	38	8	4	27	5	25	32	12	40	21	13	16	32	2	37	7	2	16	16	13	23	17	5	35	37	37	19	36	17	37	11	48	23	48	1	41	14	2	17	46	32	38	41	45	8	13	22	1	6	40	25	40	47	11	26	3	42	17	7	44	15	49	23	40	23	13	6	31	31	44	12	15	47	0	8	41	18	35	21	9	24	2	34	11	47	49
4	46	4	25	28	5	46	0	8	46	3	18	5	14	22	23	29	12	49	28	28	8	2	49	34	9	22	29	2	7	30	14	3	11	0	5	19	38	40	25	3	47	2	43	39	35	44	43	41	11	38	47	39	45	23	47	15	37	6	0	32	22	15	3	9	18	15	6	34	20	21	8	14	24	34	25	29	34	15	8	7	37	20	4	11	9	28	8	0	30	12	40	42	6	43	12	31	1	2	13
8	17	48	39	25	37	42	47	49	9	20	9	13	32	23	23	11	29	29	44	9	30	43	37	28	1	44	11	28	6	21	0	9	2	49	7	27	8	25	15	15	5	13	0	4	31	42	31	15	4	36	5	18	44	22	12	23	22	10	28	45	17	14	24	5	34	36	23	27	19	7	10	23	30	4	30	17	3	19	44	27	47	30	41	10	23	3	41	30	0	0	4	30	42	37	7	48	44	45	19
45	39	40	32	36	36	6	0	37	30	42	35	10	34	28	41	12	41	32	10	9	22	34	4	21	6	49	16	24	22	40	33	47	34	30	16	24	12	8	46	38	36	26	20	34	43	16	13	24	16	26	27	35	20	46	9	5	0	47	20	36	20	40	21	9	27	2	14	29	5	47	30	7	24	1	2	9	1	13	8	9	26	15	5	7	11	12	18	12	0	0	7	7	46	8	27	19	39	36	5
14	17	13	25	28	23	46	2	0	37	38	36	40	7	11	1	21	1	28	11	19	11	30	24	38	8	0	0	6	36	44	13	45	28	31	5	8	7	29	35	35	45	7	21	19	33	42	6	47	19	21	4	28	23	9	42	11	20	3	17	41	20	39	20	46	28	43	43	4	26	10	29	19	31	33	14	35	37	37	33	4	47	23	49	34	23	21	35	40	4	7	0	6	5	12	23	20	32	35	28
12	15	1	3	2	41	35	39	45	11	41	19	19	5	12	38	15	26	8	11	49	11	33	8	43	11	32	41	46	48	32	34	28	11	11	18	30	5	32	24	46	37	42	23	0	1	0	18	3	41	13	22	3	15	10	41	8	9	42	33	0	10	37	40	36	17	47	13	22	13	49	25	31	40	21	31	19	10	0	21	15	14	1	9	5	3	44	21	42	30	7	6	0	0	23	33	36	33	6	18
1	16	11	3	37	47	42	43	5	24	4	44	21	36	39	22	0	24	6	22	9	8	27	37	4	45	44	11	11	1	40	10	35	33	16	32	36	31	42	14	26	31	13	38	10	18	7	35	5	39	15	1	38	2	46	15	34	1	32	34	10	28	0	45	37	9	39	30	4	41	1	29	21	25	43	29	45	48	9	34	11	12	6	27	14	19	44	9	6	42	46	5	0	0	4	18	32	32	37	1
0	3	2	34	24	48	4	40	12	24	2	7	5	45	6	16	34	12	13	22	22	1	23	27	49	24	44	31	35	39	32	37	4	41	19	8	32	39	34	14	10	1	5	8	30	42	46	20	28	41	14	12	23	8	42	7	42	30	33	30	47	4	17	12	12	32	37	3	45	14	12	42	25	14	14	7	31	7	36	48	37	3	25	25	38	12	22	24	43	37	8	12	23	4	0	35	37	43	2	47
19	16	3	41	14	4	44	10	34	31	40	9	5	41	26	39	16	36	6	3	5	34	32	33	29	31	27	28	44	3	27	1	30	44	21	10	12	11	8	10	7	40	34	4	11	30	6	13	10	4	44	0	10	6	3	31	24	47	45	3	18	14	24	4	41	8	46	39	20	17	31	19	34	6	46	28	9	11	30	33	25	1	1	36	42	20	8	2	12	7	27	23	33	18	35	0	30	41	44	21
40	18	1	37	30	4	12	23	25	39	2	27	7	9	45	7	15	18	47	46	48	11	25	30	39	3	20	18	20	36	13	13	31	2	40	19	2	24	30	7	49	40	46	49	27	44	16	3	32	36	23	16	27	7	48	11	7	5	9	4	32	49	10	32	28	22	37	5	11	8	47	38	34	6	12	9	7	41	23	2	5	24	2	10	38	33	26	34	31	48	19	20	36	32	37	30	0	34	2	10
30	36	25	16	42	8	33	4	35	16	44	28	4	32	36	19	8	3	7	6	2	21	23	26	44	10	1	7	1	33	21	2	2	6	8	1	29	42	29	39	42	27	1	25	29	18	28	49	46	22	14	0	25	5	43	20	1	12	10	19	0	23	3	24	31	49	2	27	15	25	35	24	14	10	29	14	10	33	7	43	11	8	49	2	32	28	35	11	1	44	39	32	33	32	43	41	34	0	39	2
26	7	23	6	45	20	20	46	31	13	0	4	9	10	2	26	1	4	36	10	42	37	45	45	12	19	34	26	10	47	22	26	38	28	17	26	27	48	48	47	8	20	7	29	48	31	0	47	31	26	27	45	5	31	8	13	16	44	2	1	3	32	34	23	48	39	33	23	32	32	16	17	7	24	18	9	24	42	33	1	45	25	16	44	40	1	28	47	2	45	36	35	6	37	2	44	2	39	0	41
4	8	49	41	38	34	40	48	44	7	7	20	22	33	28	4	35	34	14	34	10	44	7	49	23	23	33	15	45	26	8	14	42	32	43	28	21	43	49	4	22	29	1	23	28	2	36	39	47	16	6	36	9	8	3	24	40	40	33	41	25	43	48	5	13	15	21	25	23	12	39	35	49	40	8	32	40	7	41	21	36	16	44	39	5	47	42	49	13	19	5	28	18	1	47	21	10	2	41	0
